9857 31
10285 30
10285 30
10285 29
9857 31
10285 29
9857 31
9428 32
9857 31
9857 31
10285 30
9857 31
9857 31
9428 33
9428 33
10285 30
9857 32
9857 32
11142 28
10285 30
10285 30
9857 31
9857 31
9857 31
10714 28
10285 29
10285 29
10714 27
9857 30
9428 31
10285 29
9857 30
9428 32
10714 28
10714 27
10285 28
9428 31
10285 28
9428 31
10285 29
9000 33
8571 35
3857 52
0 69
1285 71
857 78
2571 78
428 90
1285 94
3000 94
6000 88
4285 97
5571 96
3000 99
6857 99
5142 99
2142 99
8142 99
8142 99
6428 99
7285 99
8142 99
6857 99
6428 99
6857 99
6428 99
6000 99
5142 99
5142 99
3428 99
4285 99
3857 99
5142 99
9857 99
12428 99
12428 99
12857 99
12428 99
12857 97
12857 95
12428 95
12857 92
12000 93
12857 89
12428 88
12428 87
12428 85
12428 84
12428 82
12428 80
12000 80
12000 79
12428 76
12428 74
12000 74
12000 73
12428 70
12000 70
12000 69
12000 67
12428 65
12000 65
12000 63
12000 62
12000 61
12000 59
11571 59
12000 57
11571 57
12000 55
11571 55
11571 54
11142 54
11571 52
11571 51
11142 51
11142 50
11142 50
11142 49
11142 48
11571 46
11571 45
11142 45
10714 46
10714 46
11142 44
11571 42
10714 43
11142 41
11142 41
10714 41
10714 41
10285 42
11142 39
10714 40
11142 38
11571 35
10714 37
11142 35
10714 36
10714 36
10714 35
10714 35
10285 36
10714 34
10285 35
10285 35
10285 35
10714 33
10285 34
10714 32
10285 33
10285 33
10285 33
11142 30
11142 29
10714 30
9857 32
10285 31
10285 31
10285 30
10285 30
9428 33
10285 30
10285 30
10285 30
9857 31
9857 31
9857 31
10285 30
10714 29
9857 31
10285 30
9857 31
9857 31
9857 31
9428 33
9857 32
9857 32
11142 27
10285 29
10285 29
10285 29
10285 29
10285 29
10714 27
10285 28
9857 29
10285 28
9857 29
10714 26
9857 29
9857 29
9857 29
9857 29
9428 31
9428 31
9000 33
9428 32
9857 31
9857 31
10714 28
9857 31
9857 31
8571 35
7714 39
7714 41
8142 41
8142 42
8142 43
7285 47
7285 49
7285 51
7285 53
7285 54
7285 56
7714 56
8142 57
7285 61
7714 61
6857 65
8142 63
7714 66
8142 66
7714 69
7285 71
8142 70
7714 73
8142 73
7714 76
8142 76
8142 77
5571 87
7285 84
8142 83
8571 83
8142 85
8142 86
8571 86
8571 87
8571 88
7285 93
8571 91
7285 96
8571 94
8571 94
8571 95
8571 96
8571 97
9000 97
8571 99
9000 98
8571 99
8571 99
8571 99
8571 99
8142 99
8142 99
9000 99
8142 99
8142 99
8571 99
9000 99
7714 99
7714 99
9000 99
7714 99
7714 99
8571 99
9000 99
9428 99
9000 99
9000 99
9000 99
9000 99
9000 99
9000 99
9000 99
9000 99
9428 99
8142 99
9428 99
9428 99
10285 99
12428 99
12428 99
12428 99
12428 99
12428 99
12857 99
12857 99
12428 99
12857 99
12857 97
12428 96
12428 95
12857 92
12857 90
12428 89
12428 88
12428 86
12428 84
12428 83
12857 80
12428 79
12428 78
12428 76
12428 75
12428 73
12428 71
12000 71
12000 70
12428 67
12000 67
11571 67
12000 65
11571 65
12000 62
11571 62
12000 60
12000 59
11571 59
12000 56
12428 53
11571 55
12000 52
11571 52
12000 50
11571 50
11142 50
11571 48
11142 49
11142 48
11571 46
11142 46
11571 44
11571 43
11571 42
11571 41
11571 40
10714 42
11142 40
10714 40
10714 40
10714 39
11142 38
11142 37
10714 38
10285 38
10714 37
11142 35
10714 36
10285 37
10714 35
10714 35
10285 35
10285 35
10714 34
10285 35
10285 34
10714 33
10285 34
11142 31
10285 33
9857 34
10285 33
10285 33
10714 31
10714 30
10285 31
9857 33
10285 31
10285 31
9857 32
10714 30
10714 29
10714 29
10285 30
10285 29
10285 29
9857 31
10714 28
10285 29
10285 29
9857 30
9857 30
10285 29
10285 28
10285 28
9857 29
10285 28
9857 29
10285 28
9857 29
9857 29
9428 31
9428 31
9857 30
10285 29
10285 29
9857 30